32
0 447474432 0 0 0 0 0 0 0 0 0 0 0 0 0 0 411136 0 0 0 0 0 0 0 412672 0 0 0 415744 0 421888 215948544 
215990272 0 447474432 0 0 0 0 0 0 0 0 0 0 0 0 0 0 411136 0 0 0 0 0 0 0 412672 0 0 0 415744 0 421888 
504576 215948544 0 447474432 0 0 0 0 0 0 0 0 0 0 0 0 0 0 411136 0 0 0 0 0 0 0 412672 0 0 0 415744 0 
0 421888 215990272 0 447474432 0 0 0 0 0 0 0 0 0 0 0 0 0 0 411136 0 0 0 0 0 0 0 412672 0 0 0 415744 
580352 0 421888 215948544 0 447474432 0 0 0 0 0 0 0 0 0 0 0 0 0 0 411136 0 0 0 0 0 0 0 412672 0 0 0 
0 415744 0 421888 215990272 0 447474432 0 0 0 0 0 0 0 0 0 0 0 0 0 0 411136 0 0 0 0 0 0 0 412672 0 0 
0 0 415744 0 504576 215948544 0 447474432 0 0 0 0 0 0 0 0 0 0 0 0 0 0 411136 0 0 0 0 0 0 0 412672 0 
0 0 0 415744 0 421888 215990272 0 447474432 0 0 0 0 0 0 0 0 0 0 0 0 0 0 411136 0 0 0 0 0 0 0 412672 
741120 0 0 0 415744 0 421888 215948544 0 447474432 0 0 0 0 0 0 0 0 0 0 0 0 0 0 411136 0 0 0 0 0 0 0 
0 412672 0 0 0 415744 0 421888 215990272 0 447474432 0 0 0 0 0 0 0 0 0 0 0 0 0 0 411136 0 0 0 0 0 0 
0 0 412672 0 0 0 415744 0 504576 215948544 0 447474432 0 0 0 0 0 0 0 0 0 0 0 0 0 0 411136 0 0 0 0 0 
0 0 0 412672 0 0 0 415744 0 421888 215990272 0 447474432 0 0 0 0 0 0 0 0 0 0 0 0 0 0 411136 0 0 0 0 
0 0 0 0 412672 0 0 0 580352 0 421888 215948544 0 447474432 0 0 0 0 0 0 0 0 0 0 0 0 0 0 411136 0 0 0 
0 0 0 0 0 412672 0 0 0 415744 0 421888 215990272 0 447474432 0 0 0 0 0 0 0 0 0 0 0 0 0 0 411136 0 0 
0 0 0 0 0 0 412672 0 0 0 415744 0 504576 215948544 0 447474432 0 0 0 0 0 0 0 0 0 0 0 0 0 0 411136 0 
0 0 0 0 0 0 0 412672 0 0 0 415744 0 421888 215990272 0 447474432 0 0 0 0 0 0 0 0 0 0 0 0 0 0 411136 
1067264 0 0 0 0 0 0 0 412672 0 0 0 415744 0 421888 215948544 0 447474432 0 0 0 0 0 0 0 0 0 0 0 0 0 0 
0 411136 0 0 0 0 0 0 0 412672 0 0 0 415744 0 421888 215990272 0 447474432 0 0 0 0 0 0 0 0 0 0 0 0 0 
0 0 411136 0 0 0 0 0 0 0 412672 0 0 0 415744 0 504576 215948544 0 447474432 0 0 0 0 0 0 0 0 0 0 0 0 
0 0 0 411136 0 0 0 0 0 0 0 412672 0 0 0 415744 0 421888 215990272 0 447474432 0 0 0 0 0 0 0 0 0 0 0 
0 0 0 0 411136 0 0 0 0 0 0 0 412672 0 0 0 580352 0 421888 215948544 0 447474432 0 0 0 0 0 0 0 0 0 0 
0 0 0 0 0 411136 0 0 0 0 0 0 0 412672 0 0 0 415744 0 421888 215990272 0 447474432 0 0 0 0 0 0 0 0 0 
0 0 0 0 0 0 411136 0 0 0 0 0 0 0 412672 0 0 0 415744 0 504576 215948544 0 447474432 0 0 0 0 0 0 0 0 
0 0 0 0 0 0 0 411136 0 0 0 0 0 0 0 412672 0 0 0 415744 0 421888 215990272 0 447474432 0 0 0 0 0 0 0 
0 0 0 0 0 0 0 0 411136 0 0 0 0 0 0 0 741120 0 0 0 415744 0 421888 215948544 0 447474432 0 0 0 0 0 0 
0 0 0 0 0 0 0 0 0 411136 0 0 0 0 0 0 0 412672 0 0 0 415744 0 421888 215990272 0 447474432 0 0 0 0 0 
0 0 0 0 0 0 0 0 0 0 411136 0 0 0 0 0 0 0 412672 0 0 0 415744 0 504576 215948544 0 447474432 0 0 0 0 
0 0 0 0 0 0 0 0 0 0 0 411136 0 0 0 0 0 0 0 412672 0 0 0 415744 0 421888 215990272 0 447474432 0 0 0 
0 0 0 0 0 0 0 0 0 0 0 0 411136 0 0 0 0 0 0 0 412672 0 0 0 580352 0 421888 215948544 0 447474432 0 0 
0 0 0 0 0 0 0 0 0 0 0 0 0 411136 0 0 0 0 0 0 0 412672 0 0 0 415744 0 421888 215990272 0 447474432 0 
0 0 0 0 0 0 0 0 0 0 0 0 0 0 411136 0 0 0 0 0 0 0 412672 0 0 0 415744 0 504576 215948544 0 447474432 
447474432 0 0 0 0 0 0 0 0 0 0 0 0 0 0 411136 0 0 0 0 0 0 0 412672 0 0 0 415744 0 421888 215990272 0